Андреев
Никита
Сергеевич
2373
1
М
4 4 4 5 4 3 4 5 
Басова
Карина
Владимировна
2373
2
Ж
5 4 4 5 4 5 4 5 
Боженев
Никита
Сергеевич
2373
3
М
3 3 3 4 5 4 5 5 
Гермаш
Арсений
Вячеславович
2373
4
М
5 5 5 5 5 5 5 5 
Звягина
Мария
Сергеевна
2373
5
Ж
4 5 5 4 5 5 4 5 
Каекбердин
Даниил
Русланович
2373
6
М
3 4 3 5 3 5 4 3 
Карагезов
Савелий
Юрьевич
2373
8
М
5 4 5 4 3 3 4 5 
Красножён
Егор
Дмитриевич
2373
14
М
5 4 5 4 4 4 4 4 
Раманов
Андрей
Иванович
2375
14
М
5 4 5 4 5 4 3 4 
Никитина
Мария
Юрьевна
2373
17
Ж
5 5 4 5 4 5 5 5 
Суднищиков
Максим
Константинович
2373
21
М
5 5 4 4 5 5 5 5 
Чекстер
Аделина
Андреевна
2373
22
Ж
4 4 4 4 4 5 5 5 
Чишко
Владислав
Олегович
2373
24
М
5 5 5 5 5 5 5 5 
Шаймухаметов
Раниз
Ниязович
2373
26
М
4 3 4 5 4 3 4 5 
Ковальчук
Илья
Андреевич
2373
10
М
5 4 5 4 5 4 4 5 
Кравцов
Кирилл
Иванович
2373
14
М
5 4 3 4 5 4 5 4 
